3000 962
194 758
827 2993
693 2185
875 426
1136 380
1553 2602
2426 310
1272 1107
23 819
1607 1147
2744 1538
836 1066
1672 1269
96 1086
445 2213
2121 2873
919 210
1467 175
14 2605
683 2527
712 2751
2434 704
1831 2409
1782 410
2830 1563
533 1738
1680 1187
344 210
2422 2178
146 62
788 2835
1121 1981
468 317
800 1793
1247 227
1114 1158
1126 2318
2201 2030
1951 1120
739 1002
360 2375
999 2202
1322 1915
1822 2419
2772 524
1392 1059
2035 2149
641 1625
1275 400
2255 423
188 2416
1647 1166
416 1007
1586 353
1941 1311
39 1600
1216 1356
787 2704
2214 2029
1151 172
2869 1265
2879 1869
1136 6
735 2773
497 1047
2069 459
2867 764
1109 1634
1986 1341
1659 154
509 2436
587 46
2317 595
1023 2800
1050 811
2621 2300
2976 1715
2960 1624
1674 2628
1163 140
1958 2267
438 2345
965 2723
2252 1890
961 527
978 2172
170 313
154 508
1901 1439
411 2438
1186 19
1564 2526
1187 1080
1608 2189
1819 1664
1967 2199
855 2549
1702 1533
1863 1311
250 300
780 2782
2891 366
1862 1769
1575 762
57 127
852 70
2612 636
2709 2117
2022 1939
361 600
326 2998
726 89
281 282
2111 107
334 2579
2802 1089
1773 2433
2103 391
1 746
1142 1280
2540 2190
2056 976
528 2706
347 1486
2851 2254
2648 1354
2839 377
64 2133
1862 2353
432 998
2902 1395
2250 2817
612 2747
1536 2315
688 2887
2158 2086
1629 2790
635 1689
2053 841
1282 2809
1969 340
1016 216
205 1510
1027 1180
1472 1339
2518 1072
184 482
2857 916
1977 1142
60 1251
2722 1439
1643 598
1909 1032
1841 2388
1330 279
148 1314
191 663
1500 405
2330 1735
1268 2984
1982 1465
2421 671
575 2362
1387 1578
1254 2159
2960 501
2120 1714
161 832
2737 1286
1833 1163
2917 1777
1952 1939
586 2288
2157 1898
2280 937
2176 2198
1076 2412
2023 1644
570 2070
2699 612
360 2273
1915 1172
1591 1093
2323 510
1605 602
2329 2546
96 715
1438 448
1191 1798
2653 576
1062 962
1367 1156
2390 2639
1036 478
1106 1375
2616 2692
177 543
395 1526
2272 1540
1216 1209
1929 458
2064 730
2844 1035
1274 2420
1013 1413
258 1772
318 2369
1778 2617
1071 2558
1479 675
1143 2146
2237 2893
548 929
1645 2625
2548 1235
386 1981
2828 2171
1140 324
2797 874
476 2817
2834 1446
2898 56
2803 1205
591 124
2245 2382
2415 1829
1083 2441
48 1404
506 293
2438 159
296 2486
2045 1145
41 309
1996 2459
1630 2929
2492 2853
2381 1397
12 1128
971 1394
1202 1822
1481 41
145 2895
2472 2203
2424 345
2671 916
457 291
646 1657
1979 1127
264 2815
1448 689
1528 1073
2587 1488
606 42
2299 2315
1664 2963
596 214
1464 178
1108 2681
1806 564
1618 1726
2360 2784
1333 1494
2291 2992
2873 2888
2447 2425
1389 1177
1700 2350
1530 2615
2223 1574
2822 2276
2505 22
2573 474
755 1015
2626 1098
730 1478
2556 419
2347 1310
495 1256
1562 1299
1792 697
1141 1347
1582 2450
1023 2341
1707 2918
1316 2107
259 2826
1454 2444
2331 458
142 2220
1921 831
1912 1055
468 2394
627 2563
737 2534
593 613
1395 1289
1733 108
1596 2298
1856 2793
909 2432
1547 584
1510 2966
545 1636
315 833
1568 1724
2345 471
2907 2428
114 534
822 1454
2274 2440
6 714
2855 1425
1120 1704
833 1468
793 2049
2912 1166
16 2766
1357 117
415 50
2454 2311
1942 1601
786 2443
716 1062
2122 2265
803 1917
1236 589
129 2001
2480 2522
145 372
1668 1982
1711 1808
1503 1587
1913 396
2200 2701
1844 453
970 2195
1090 2533
2606 1316
648 1151
2272 2654
1978 1757
2644 1445
2649 2326
2091 2012
1426 800
28 1178
2458 2732
2666 1049
1242 750
724 1752
176 428
1750 2619
1845 731
405 2801
2509 2357
829 2152
635 2718
1776 238
2642 1730
849 2118
2434 2314
742 1968
288 2328
590 781
830 839
1331 1854
1304 566
2379 1588
2307 1698
1176 580
406 2262
2218 524
2233 1058
241 1809
1515 2009
234 1332
1326 1972
224 2658
806 123
2532 1288
1991 1767
725 563
1545 1504
673 627
1059 2177
2260 690
997 2974
1632 1165
2643 2120
872 1360
2228 1790
2227 1539
955 1578
1815 759
1695 1785
1534 2271
399 2832
2812 1387
218 1568
760 2520
1489 748
1362 1884
1128 971
2676 2565
1785 2158
1480 2061
1401 2950
244 1090
791 2098
2955 1903
1496 858
2697 2999
30 1164
2240 2944
53 1367
2073 902
824 2693
451 1258
1885 171
1014 342
240 1254
2305 1868
1622 2073
902 2016
2528 158
818 2518
1069 2225
1297 1075
1039 260
217 1417
1923 2057
551 755
1370 2948
1689 1056
2033 807
2690 2711
2074 2628
232 349
239 977
2928 1130
2408 313
1391 773
118 794
2216 1627
1686 2025
608 2935
1946 623
120 2360
699 1069
249 2521
84 731
2112 2901
2106 844
2695 511
996 982
2011 490
2373 975
1154 1088
1614 2464
2460 1970
1936 1803
2116 1497
1522 1033
1899 1764
438 2641
2411 393
663 1046
1260 1907
1642 125
1053 670
1498 722
1836 638
2283 2050
1574 130
533 2412
2906 594
2935 1511
2352 2296
1112 1196
1696 1761
1967 212
1900 682
673 2476
1288 821
1928 860
436 213
2462 1147
2799 269
2143 33
1113 2147
2293 1031
2695 242
943 532
842 822
1832 620
2858 889
1567 1060
1399 1712
2523 71
1577 2582
254 2686
138 243
131 2484
263 2083
1378 243
1132 2049
2943 2713
294 2148
540 1922
1153 985
2778 172
2247 994
2940 1869
1270 1801
2614 265
186 1222
2445 2811
1194 2657
482 1868
359 547
706 513
2866 471
1283 2652
1744 1949
2133 1717
2007 786
429 116
864 657
2610 2965
2000 278
1906 678
695 1557
1379 1170
181 1450
1141 904
685 2693
2634 2327
2709 995
249 1181
2415 691
2071 980
1082 795
1536 1116
2620 325
1010 1734
1185 2467
1879 2712
721 1204
446 1791
201 1078
129 420
1846 1471
805 687
2243 2441
600 2084
1112 349
2567 923
2584 1508
1572 935
357 2760
338 2403
637 631
2422 2267
1728 1754
414 1612
953 336
2105 2131
987 1628
2427 1447
100 1671
1805 2566
1469 1720
789 520
761 523
1233 813
1322 2687
2156 367
256 1976
2179 2855
2661 2402
1455 789
1124 1938
2265 2008
1921 343
1882 387
812 302
1942 889
2762 2819
1984 2961
2582 2732
1173 2387
2888 1960
2007 845
2670 425
2269 579
1525 918
2835 2673
2363 816
322 1784
569 774
143 1443
103 2880
1802 1796
2838 1211
1499 205
499 658
1227 2931
2816 1881
1992 1005
1189 176
69 1432
2860 75
119 1667
565 312
1566 2019
1716 1435
1705 1872
1681 430
649 2312
2962 1637
2882 1348
2584 354
2257 2400
85 2630
1218 678
1604 1611
2282 2698
2803 961
632 472
643 1057
1878 1979
1306 2664
1802 57
1412 843
1351 1496
2128 1064
872 1123
1741 2722
2466 2106
715 2719
2236 1797
1995 2677
759 1993
2768 581
2910 2697
2948 270
1177 1380
35 188
2911 2998
646 901
2306 255
1502 944
2387 643
1963 2936
2986 2261
2959 2807
496 2247
529 1029
2167 173
503 2308
2919 2715
376 648
2583 2603
1447 825
754 1597
802 1334
846 723
2552 785
2647 751
1741 1623
449 208
750 1924
2299 1137
1290 2182
2264 169
481 840
2931 1523
2505 2805
2999 56
798 761
2933 2108
1819 331
2157 577
2854 2766
1826 578
2042 517
1561 2901
621 2734
2336 921
2978 414
1585 83
358 2516
2400 2366
917 2603
60 2256
215 2843
940 488
665 1828
1835 2686
523 495
1422 2903
1420 2770
2588 717
895 1838
2977 736
1566 1213
644 805
2653 189
2620 1703
1203 1280
2026 2712
2077 142
2585 2414
2003 1363
617 2379
1605 2245
2797 849
477 519
362 45
2431 615
214 2099
585 2322
1494 966
2763 1063
2068 2906
2184 1825
530 384
36 1221
387 248
549 1544
2137 847
565 2375
282 404
1780 2421
1342 640
2734 279
856 348
1708 1155
554 909
576 2936
1226 2289
2477 1523
538 472
1729 2878
1949 2396
1332 2390
1666 1646
1224 1619
518 2847
1893 81
509 2304
2728 837
1251 1936
1896 2596
1471 2889
104 1378
177 912
2661 2964
332 1907
1962 814
168 1157
2705 2580
1796 2749
1836 1197
2631 412
892 128
10 2112
434 1789
1517 1095
1272 1315
1655 514
2710 18
1763 2538
2755 602
2961 2874
1019 2892
1139 2886
792 1435
607 974
2933 922
954 1606
390 1758
2837 2879
707 1089
2680 2793
2275 1150
2785 156
707 980
420 2581
2639 2332
630 1361
1530 2488
2581 1864
1258 549
2652 2930
1884 365
1863 2206
934 2547
2075 1501
1684 92
1987 814
824 713
163 2395
200 424
1771 1813
2525 2985
1377 2417
2178 2507
650 271
556 1845
2987 1815
254 1399
98 2950
1610 2354
2141 232
2525 553
2764 121
204 220
2877 2978
766 207
2088 1050
435 2561
708 2509
910 1504
394 1726
461 1688
216 619
193 2537
2126 1099
2194 2125
1955 807
312 513
2828 1109
2795 2230
1335 1660
1329 2349
2501 1129
1140 2570
2409 2918
2266 1215
2604 1635
2942 996
2696 1643
2397 321
1957 164
921 2263
2791 634
783 2087
584 488
928 1403
1626 631
179 2346
2512 2556
2859 1826
2519 2524
245 1732
66 1535
2362 2104
378 1383
2485 1581
427 2032
1330 46
2162 2115
1351 308
1263 540
55 753
1619 1966
12 1673
2383 559
2108 306
1125 1346
594 2231
1708 2300
2694 2005
1025 314
2142 2260
2233 1653
1250 1014
1176 2401
199 527
295 2753
2139 2423
507 829
931 1681
773 2138
2772 927
184 209
2472 337
1570 2623
1229 2913
870 2875
1368 1877
480 2074
1656 948
1932 2104
137 176
1786 2461
2655 1999
1972 555
1357 1792
2857 1560
1888 110
34 952
2011 2491
2572 1056
2348 869
1557 2890
2501 1993
2047 1791
451 2526
1492 2898
2388 848
187 1144
1930 1940
2739 1950
2677 500
1470 2663
647 2100
258 2924
2291 2701
37 1096
2827 947
328 2529
2248 1569
1448 473
2384 418
1603 2564
356 2170
1492 291
2350 341
2365 1871
102 1629
809 2187
1080 1794
175 2493
2611 695
101 1613
1920 2457
1148 2033
2240 2508
253 2278
1488 1231
1956 305
2081 106
364 82
1811 437
765 2801
1052 2314
407 2145
166 1038
1589 2131
2646 2085
2735 2181
622 2704
2498 392
2545 926
859 2989
1134 738
1129 444
2037 2344
2083 542
1840 1422
2458 1237
1718 1334
784 1020
2858 1103
1167 2383
2698 1002
1722 861
2740 828
2195 2519
2374 1441
352 2065
2394 128
2697 493
2977 1290
958 1590
779 321
2302 1179
66 122
1736 2969
167 1518
13 1070
728 20
1291 1067
93 782
334 2385
1042 936
728 662
1198 2372
2366 931
530 2878
2140 1675
2470 2355
2358 54
2597 2520
487 206
2713 1944
1600 654
2165 859
287 397
927 1658
1131 178
2122 547
1549 2380
1267 1570
67 1746
2969 2535
741 2454
1611 2474
2850 49
316 1651
2337 638
353 566
2089 237
2703 352
290 2172
2922 599
2145 89
885 2031
1925 1243
930 1191
1910 1525
2313 489
2932 1843
2837 1638
2198 906
727 2979
743 1519
606 2226
230 2241
863 2974
1743 2753
1975 1408
1001 1270
86 2569
480 779
2727 2290
834 370
2630 2060
1603 2294
1527 2473
104 492
242 1212
1705 2678
1026 705
629 1861
2143 286
2559 2078
1124 1501
117 161
1034 2923
1407 1104
402 196
240 2748
1771 1989
700 783
1829 1472
2937 1202
1679 2268
1876 2325
733 2720
1144 1114
2733 1097
268 776
873 2778
2123 595
2770 2146
2929 2310
2883 2562
651 758
1513 1810
1449 1192
54 2775
328 2920
1717 1580
1973 1079
1451 182
1940 1607
810 955
2027 2100
1532 2232
1444 4
820 2330
1640 1239
274 2511
92 487
1556 2455
1747 2084
609 2733
2517 2392
826 122
993 2954
2322 2069
493 1679
1220 27
669 1690
2571 701
1085 2780
1070 2110
2627 1359
2730 2014
1779 828
1465 2474
897 2190
440 473
2702 1614
719 2286
35 900
409 649
2732 1924
2818 1029
1213 2512
2071 2019
1186 2813
2359 1048
1728 2632
68 511
2865 2251
1388 857
1840 1431
1931 918
1400 160
382 1162
2177 2568
1370 15
2662 881
2292 1764
1999 281
333 2487
702 2419
2317 1838
280 1535
768 973
1621 2465
836 422
2666 2600
1122 418
2378 2453
1532 2338
2836 2765
726 2865
111 2673
2164 1833
2624 1529
664 542
398 2060
2142 2576
1667 2547
555 1654
1687 185
2750 33
23 1918
2893 668
1516 2515
1783 2038
355 1878
2437 2943
2329 1095
1275 425
202 1111
1876 864
2830 62
1377 1506
136 456
2905 1547
2278 970
2889 407
2887 704
2762 1860
1818 1039
1709 2621
1397 603
1925 2513
234 463
2502 1690
2244 1299
2287 2593
2452 2529
815 681
1830 2972
1851 1616
535 597
2897 1784
1834 1155
2482 804
2949 30
1175 2018
1827 80
2932 1343
494 1017
1174 2814
236 1824
2183 63
942 2380
2451 1461
2052 344
299 2851
1700 1831
692 1524
447 1264
1409 231
1582 1723
1736 1008
1521 1009
2511 2899
1268 2137
2483 2990
1782 2820
798 2532
455 2439
1312 211
124 2498
1770 45
2171 2535
1382 820
2218 1649
1057 256
1990 1305
811 1255
725 1364
959 2294
2560 2070
1005 2066
399 2952
2808 113
1662 1295
2059 2281
141 1336
2829 2280
2248 2059
522 2222
2341 431
2763 1011
294 2008
1947 1051
1693 1156
2473 1800
2114 1004
2163 676
1685 1188
201 1561
173 838
1533 126
1366 890
2389 1593
2161 769
2798 752
2619 223
63 1992
2 2578
90 1253
960 2721
1010 1844
827 843
1175 413
443 2825
1467 2322
710 1673
1018 1665
2728 2080
1585 976
1804 363
2819 2856
1307 2196
831 287
2354 429
1933 2779
2166 74
1579 134
711 2818
25 218
153 229
1973 435
989 1786
7 1710
2973 1795
1011 2660
739 2737
295 2678
2707 760
2499 2259
2752 2890
1207 2727
2494 1827
2229 632
2010 181
137 2685
1267 2114
78 2767
884 2077
2222 2292
2475 2574
1933 528
2202 447
336 1644
1598 491
2021 2726
840 1278
642 686
2601 2845
1917 2169
2705 1277
198 1932
3 2596
1152 1859
677 1105
2862 2386
1563 2321
2804 1149
2353 2631
1745 1287
135 2632
453 590
1226 1740
837 125
1336 346
2418 1577
1415 339
362 520
945 2964
2372 2976
246 2904
1313 1026
365 963
2321 2154
2794 1145
1649 2135
2323 2048
1793 1361
790 2757
905 967
1902 560
1788 2636
992 749
1362 2234
1460 1849
290 2638
2213 1880
650 1770
378 2626
946 2833
933 1345
2725 2672
59 2215
2235 1854
8 1807
171 2044
2365 496
190 415
1043 1727
2210 1284
219 1487
869 1873
197 2346
2610 660
1787 1753
1368 1922
802 2942
652 1579
2208 1565
668 31
2078 2524
404 465
775 2866
296 484
1406 2927
2997 2255
2840 332
941 1759
1342 747
1003 1461
1609 2224
1415 1545
2258 893
1256 21
1478 485
1615 1816
174 2136
1638 2982
2109 2550
1028 1817
717 1737
1558 2680
2757 2516
1232 659
2065 604
1285 637
2237 795
377 2376
2809 2466
1848 1543
2568 636
2546 1774
1592 1241
953 2664
69 796
1713 924
1045 993
544 1294
1592 1116
2804 2700
2371 2962
1639 2522
1945 880
2088 502
1918 502
2650 2679
1497 2252
1389 412
74 672
411 1576
2209 1970
138 158
2140 2683
2824 656
1058 2449
2826 691
2066 2052
1704 1662
115 601
2056 610
512 454
1613 319
1281 1913
2986 1995
2418 483
526 1137
1019 1410
1691 76
2845 1092
1419 574
1239 1912
2483 2789
2635 1477
661 727
2302 1105
2149 729
2597 1977
2799 1893
1675 1858
477 1373
2740 1358
1630 2369
1044 1550
2331 2465
882 2336
388 2716
2848 1527
556 1978
2093 1781
580 237
2553 1503
1562 697
1276 2101
666 2870
951 2710
1551 2027
1214 1694
146 2219
2176 2189
1295 245
215 2912
1988 2147
1437 1591
913 883
2002 1920
2934 817
1612 835
564 1190
2755 2196
1729 174
1302 2550
563 639
238 718
1006 1292
1505 2928
1279 890
521 1074
592 1656
2098 2124
2062 1449
354 891
2310 2593
1789 753
1680 506
735 1699
897 1739
1701 2743
1737 1355
1489 938
1778 2909
1919 1046
1773 1902
187 2600
2725 1337
2938 461
1698 3
1291 1331
2096 1401
2376 246
2338 603
191 1253
2132 2155
390 108
192 1181
27 2729
141 806
1271 2136
2187 297
1821 2654
463 2979
2853 2096
38 855
157 714
951 1890
634 1846
1751 2972
1266 656
785 1266
772 366
2403 531
2957 1286
357 2664
739 1448
403 873
2111 2026
2250 537
2895 221
2551 2921
1167 628
1249 2882
345 156
1651 103
2192 1008
1420 1192
469 2481
1231 2885
2996 2236
2221 1541
2283 1396
1450 2152
574 857
1429 2802
933 878
2276 2182
2327 899
2361 517
2947 286
940 1583
2635 335
898 271
2357 1193
1325 1016
2592 986
99 994
1636 501
433 624
2788 2616
981 117
2287 2539
2553 1405
1499 1261
2460 2696
1889 2032
318 1652
1314 937
2004 1670
2771 2850
2437 182
1757 626
2827 2975
2894 442
267 1795
2188 94
2717 1481
2660 764
2348 2450
2347 2043
1976 2721
1402 915
2484 1756
2924 305
15 2479
2523 1245
2968 283
78 311
516 1866
2381 260
573 446
2990 968
672 1549
1338 2832
958 895
1507 1490
2781 11
1694 1154
1159 2590
1379 1988
1661 2773
551 140
2435 1384
1901 422
677 2090
969 99
645 43
558 1240
86 2562
2503 2627
780 2020
2794 61
1553 2062
2238 285
893 40
2537 2561
397 1067
2271 2333
1994 2824
1038 326
2279 2253
949 386
2683 1911
1688 1347
700 1300
982 340
2668 778
1517 1456
1947 262
719 2980
2325 1045
1406 2758
2761 960
2506 2393
2468 1085
705 989
2981 1565
2364 1693
2925 2915
1022 674
1882 1421
136 289
2510 1276
203 679
1233 2591
1687 275
1702 1837
2951 431
1443 2565
1491 16
1208 98
1937 2093
2212 552
919 2645
1807 720
541 1975
1961 2047
2470 2427
1224 2456
2774 1555
1032 2197
2398 2789
1319 708
2624 1697
1418 1037
330 1641
676 2897
2894 2217
1735 1938
230 276
222 444
408 1886
703 2681
1593 2769
2414 34
2 1452
913 2173
774 906
2954 875
2054 2668
2783 1210
680 698
1375 228
852 186
505 1799
2355 988
2692 374
1352 1084
1816 1122
894 1317
1350 61
2417 2308
2908 575
539 2263
1320 1971
1950 1396
790 1206
1748 1024
1810 475
2311 1083
819 1104
2471 2194
2239 489
1063 1552
2869 1344
619 2153
194 303
262 401
1606 1193
1414 1229
2940 771
1230 1661
614 1088
1962 2814
1182 1462
114 2041
2282 601
614 1152
2109 865
1654 2856
1590 1463
32 1324
347 2640
151 766
1731 2301
2223 1082
2040 162
2304 1247
2617 2970
1887 207
2594 1278
52 1329
8 337
2386 733
2117 2867
2572 2573
2963 2953
2155 2430
1948 1458
2863 1164
945 838
964 1595
2446 1926
2994 886
2395 1044
2058 2787
26 90
2055 2682
1850 2971
851 2599
2588 796
990 2168
512 346
2643 2092
2156 2151
1381 2746
2586 1384
165 1474
1781 302
1321 1898
2243 653
370 2497
2342 2611
1985 2101
950 1723
2744 430
2452 2545
2092 1684
1864 2587
534 2313
545 899
1171 2361
2468 2094
1983 1765
981 11
409 121
443 2344
2349 1413
630 2210
2281 285
2490 350
398 1839
2555 778
1428 775
2735 2462
1075 1236
116 1581
329 770
2451 954
2533 854
1321 561
1173 1456
842 1986
2413 2493
2862 2834
1066 2437
410 2852
2997 2504
720 426
330 2433
904 1391
1608 119
1738 17
2676 1733
2841 1648
772 1424
1696 77
2917 809
1111 273
804 1217
10 1891
965 2121
1512 1853
1053 966
1877 149
2883 1149
1983 2841
1665 1386
2256 1610
2303 2915
1279 2110
82 2615
2151 2191
1811 832
1713 1281
884 1228
801 1622
1797 1598
168 1587
1115 712
2844 757
1809 319
2426 1146
912 2289
466 2598
2107 190
2138 2075
2168 1178
1980 1244
2458 583
314 2301
2864 2402
1743 2170
2431 1859
1762 934
2806 2988
1427 687
655 694
373 68
1200 2123
2208 1093
1640 2896
2833 1110
1036 2134
1697 2820
87 1595
1006 484
1937 1234
252 2723
1170 1418
239 972
1303 1326
1068 1551
80 2981
2373 608
1674 1340
244 2892
737 1245
2351 2392
2229 2014
2973 1998
2407 470
768 1393
770 1335
1813 2471
578 2023
1200 2810
2608 298
1518 1812
2578 1437
1971 421
276 1134
2736 1390
1298 1692
808 885
2729 1305
1899 1909
1184 2536
1110 1666
777 592
1417 2249
1040 2566
2173 2983
2464 2559
1861 903
95 848
1199 2496
888 771
2665 22
2335 816
957 669
558 2670
888 2188
1648 900
1676 950
1235 1996
2662 1269
1306 2500
2479 2442
2970 665
1516 2993
2337 1555
1554 2613
1161 1087
459 448
2919 2923
1296 2633
1783 221
298 560
44 2175
1411 1348
1945 2847
264 2541
71 2031
263 369
752 2859
2343 1856
2800 376
896 2297
917 2595
2067 310
2843 2934
1584 2575
1453 450
1230 251
1567 476
559 1953
1926 2015
1911 193
379 749
2767 1402
1766 583
1914 1852
2277 2478
1601 1127
983 1872
227 1359
2746 2227
1077 1240
2358 1079
1883 1222
2580 203
868 514
2549 1752
647 456
1360 870
2644 2129
1522 2242
1381 1440
1086 2097
880 1049
2399 1599
2816 1718
364 2025
2691 371
241 1376
204 197
1491 685
1074 1121
562 72
2125 2497
1077 164
1777 1560
107 467
1485 293
2724 2015
1514 2150
765 1894
1479 250
109 58
2036 132
2884 2724
550 633
1731 924
379 1857
1238 2496
2675 991
1598 2908
1169 2750
1645 470
908 299
1602 763
195 1760
2024 861
1985 1997
1997 979
79 479
1749 2162
356 272
1398 1682
2531 2946
1989 2057
624 200
1190 2675
742 2429
2134 2996
1934 2650
2659 2812
1365 1748
2798 2910
83 1758
2154 1706
2082 847
586 2576
1125 2774
2275 1931
1588 1596
2174 881
2319 2113
2326 2072
1542 2407
44 322
195 1720
1168 155
2324 84
1419 2665
670 2557
235 515
32 2342
395 1537
1349 1363
1428 1548
2297 846
2316 1597
887 467
2791 2103
1228 2864
2823 2759
938 1493
1206 2806
522 1623
24 2476
1403 2435
505 1948
589 503
1433 1022
2490 1879
2241 2614
1371 914
654 1169
1818 1883
983 1930
1214 2988
763 874
1434 1073
2212 289
2051 2224
622 2667
1132 65
2975 2440
2504 618
830 1493
2540 2909
684 706
1660 1888
126 1473
1806 716
1138 932
1257 1364
2041 133
2034 1476
1905 1179
2058 1569
1309 1480
956 2813
2914 1459
1804 2613
19 2079
797 109
1756 349
1874 1823
1609 257
1115 772
2589 2538
552 1020
579 2169
2199 225
1376 2946
2420 1812
1333 2396
2124 73
1318 2051
1466 2904
863 1889
2609 1867
2759 1761
682 51
1102 1830
2649 2005
2141 163
2201 903
2401 821
1580 2821
2656 2786
371 1599
1442 1725
616 1388
657 658
2579 469
2731 1150
2477 2270
2180 1225
871 272
9 2987
745 1146
2536 1692
1987 845
1529 2870
1260 436
868 1457
1576 740
1711 2718
2175 1308
2164 1538
1107 1935
1459 1712
910 1159
1243 894
1805 1469
1430 1076
1273 2356
2521 1289
2900 1633
1583 2606
2682 324
2022 1380
623 1345
2607 31
77 1223
2743 2086
2868 2871
2784 2742
671 2517
2021 224
2186 1421
275 2554
1960 2708
1544 732
973 120
1315 325
582 1571
1631 147
740 679
2591 2530
2944 2453
55 301
1683 1219
825 1548
618 1065
553 2298
1886 333
385 2425
37 389
1514 2087
2958 1730
2377 2577
986 2508
1500 2205
2113 431
1061 355
462 123
384 1767
348 525
2514 2513
1628 1424
2684 1742
1875 1301
292 219
2840 2902
2860 991
2129 866
2886 231
323 2285
1030 2558
1324 2703
101 2515
696 437
2295 2575
879 1436
1234 939
1358 781
709 2925
1719 1312
2004 854
572 292
2290 969
2788 2288
139 317
423 1678
490 1249
143 2989
2951 2930
867 1964
428 2842
1961 683
2351 942
1246 148
1780 1352
1248 2687
1484 266
664 159
782 265
434 1508
2726 2655
2805 323
544 865
1369 2499
1133 2781
907 756
1774 2921
2089 1483
1148 1841
2736 2416
1820 1372
2995 572
1476 100
610 483
2253 1021
2013 1282
2193 2259
2480 598
722 1433
729 112
1353 1762
1627 1091
2115 2633
587 2132
1646 1208
2048 1739
1511 1018
2669 2861
179 5
1968 327
743 1908
2939 492
2214 1041
1444 1617
2393 2153
2571 58
2751 1484
2717 91
1495 2945
1460 2854
1094 2760
2702 88
596 393
1211 170
75 2181
2002 1954
1119 2034
2018 2368
990 999
464 217
1337 1558
2010 599
2469 367
1594 1880
2204 1201
335 878
2203 1126
2634 1934
105 1851
307 236
632 1546
479 29
1712 791
1669 223
911 2285
9 1615
111 2439
2564 1944
309 2868
2530 2061
2714 2238
1025 1438
1285 1307
1462 1652
2684 736
2514 2642
2053 723
308 2457
2640 992
2528 2623
2815 1721
460 1293
745 2874
2749 674
2105 984
1531 2907
392 2217
2404 585
1935 803
660 2258
2424 2207
2563 2782
1298 1042
38 652
2174 64
675 1552
1647 898
2922 1232
1506 557
653 1410
2339 1965
1906 1408
1722 582
2577 2852
498 2822
1087 441
2413 569
1951 1575
1903 1385
2685 235
1639 1701
2625 2130
2286 1904
1750 964
2006 963
915 2179
2694 2159
2790 1834
905 2046
253 2706
269 732
1117 2148
1138 2377
2872 2810
1706 1091
2890 1323
801 1865
1273 2332
939 1897
2829 2274
478 2707
2595 698
1477 957
1398 1339
2808 157
2239 2102
684 1866
625 2754
2446 2119
1682 710
274 2303
389 1118
2398 226
570 2183
2543 686
2795 1714
1709 127
1252 1943
1519 2226
2667 2567
879 1870
2825 1225
1670 1000
1259 1265
794 1589
2651 2952
2574 307
2787 2197
1842 87
2745 329
1769 24
1033 977
1953 1021
1262 1620
655 2779
2404 2012
1445 2916
769 416
1573 1775
1668 1304
2968 860
1974 2206
1106 2959
1327 1908
1732 284
2731 196
2947 1677
460 2316
1212 2296
1870 475
1626 2293
2016 1927
25 929
421 568
2880 1946
1755 2262
1994 792
1103 1727
985 26
1657 1030
220 621
1404 1509
2492 1955
144 2714
2689 2144
252 251
2318 2541
2604 273
288 1505
1294 2927
2745 504
2926 1037
2622 689
979 799
259 95
1393 2036
2599 962
2029 118
1677 1867
2306 2160
2708 1873
914 2436
2215 2405
2020 2063
2796 2507
304 1366
2672 952
2054 1252
2985 1853
515 1573
180 2090
13 2872
1966 135
1540 1520
406 620
1928 267
72 2443
1072 943
516 1092
2569 1858
2307 1327
1686 1442
1768 1941
1209 2242
1509 351
1277 2924
2688 746
2738 2991
2911 1852
152 923
2849 2448
1100 2539
1635 701
1776 97
1227 2126
784 876
1892 2863
102 233
1910 721
2638 1153
507 2185
1820 2881
3000 1746
823 532
839 690
550 380
1176 403
2389 1895
1131 709
1473 1799
261 112
1374 1043
1482 626
21 2127
2335 605
1823 972
1515 1470
2166 754
1271 2082
162 526
2305 867
1161 2691
1028 1446
1219 1101
255 2339
1244 1572
2207 2875
2352 1885
2527 2423
1837 659
311 213
1371 2378
2261 1916
2246 2777
543 2037
1180 2211
1223 2225
1655 2309
2221 270
1965 1426
2956 2780
494 466
48 1801
2560 2602
2641 70
2046 1310
2957 2270
818 47
1927 439
669 871
2219 757
1952 2384
1847 247
581 588
2467 2764
1013 1094
1475 445
1004 1183
877 2771
2738 797
381 2674
1133 724
1024 702
1695 65
2984 408
147 1772
2251 2118
1157 738
369 1765
876 1349
2448 2284
1441 2475
2656 1817
2449 2072
1513 1991
1631 152
131 1969
2095 1354
1766 2551
2775 452
2542 394
2370 1740
1301 2716
2447 1040
73 1242
2266 2585
2949 2552
588 2876
2044 42
2374 1483
1346 2328
342 2409
984 2231
2647 1814
1100 1188
1341 1964
1847 2967
474 396
2971 1824
1586 1108
968 2876
788 2127
2139 541
967 1659
358 49
2542 1041
1430 1604
261 2150
892 891
2776 2343
2983 1641
537 2067
2063 320
2024 132
2839 1171
1195 567
844 2428
500 1650
226 741
1528 2368
2486 640
1825 1905
486 36
1502 1328
2637 375
568 2992
2461 180
2995 2543
2279 373
497 2747
1077 2648
153 1071
212 39
611 1009
1099 561
1543 2211
440 2607
2246 1160
2831 1798
1759 546
1451 1318
297 2612
1386 799
1416 2690
359 2846
268 1338
2583 538
862 2356
1744 2095
2091 439
1292 1482
767 1350
2006 1012
2249 562
29 2611
1747 228
908 1061
361 948
382 1434
1865 1495
2982 18
1625 1220
1716 2777
988 2896
20 2102
491 901
3000 826
856 2823
304 2848
1602 688
2838 1207
1742 2966
1297 160
835 383
441 106
7 1486
1954 59
536 2268
667 419
2209 2161
1571 1238
605 2411
2488 1217
998 793
1754 2792
1382 1293
2017 2391
681 1429
1842 2309
1531 1423
1308 613
2776 2050
1143 625
959 53
1047 1892
2017 2324
2099 1828
2163 2039
301 1958
1990 2941
1262 851
2671 417
767 1943
2651 1068
932 2406
1672 1874
2385 85
1974 183
1248 151
1101 1263
1317 2754
1632 2903
2094 1196
2135 1221
1779 1633
1344 567
1455 1468
1753 925
94 2637
662 2609
2811 2842
1676 198
935 1199
1055 1663
2557 1182
2636 926
886 1130
2807 2570
2861 1896
1916 165
1084 1000
853 995
331 1374
571 2001
858 2938
1855 1119
1302 2663
283 1195
1264 183
1620 535
1340 711
2269 1751
303 504
2618 2119
402 1078
548 557
1959 2945
1394 1621
327 2035
920 862
67 189
1848 1237
1007 607
853 997
1541 1412
2768 2785
925 987
1956 50
2659 2295
2900 1102
930 1065
1839 2629
1052 2444
1524 1734
2956 762
2334 1475
2548 1003
1201 222
1117 2586
694 2590
1703 2836
442 2991
2191 1584
922 956
2030 166
2000 633
2739 1658
2429 2885
2756 2130
277 2544
1855 2598
2397 1355
2228 510
449 2320
1490 280
1923 936
1564 2391
343 1184
896 1458
1373 2510
105 192
341 834
2494 1453
2432 2913
928 629
1414 2184
400 2700
88 1749
2205 1683
1663 1539
808 641
1296 2038
1554 887
320 1097
225 1618
2761 2367
1745 2039
300 2719
2487 306
1678 2455
883 2769
1429 464
277 1821
1257 401
1790 2481
2926 2720
1768 2939
2605 2469
248 2741
2128 2967
1526 1803
2478 1463
2601 539
1390 609
661 1699
363 2009
2244 1897
2192 1203
2645 2312
1135 1015
1775 4
1537 1135
2234 1048
2144 1407
2534 1255
2849 2277
666 257
14 1835
2230 391
2741 1194
1894 734
2463 787
5 591
1372 1642
1487 499
1356 1507
2410 766
508 1274
1794 974
1385 2264
2257 43
1550 1168
2629 2334
2456 911
450 1719
1060 209
2958 2232
813 1034
481 115
374 208
2752 169
615 1064
1261 2937
2884 1800
810 2657
206 1158
1721 338
2193 2994
52 2028
628 388
1328 2831
2916 1832
2658 202
987 2040
696 1054
554 2756
2371 713
2622 1887
1160 1162
110 2489
2364 316
233 2186
1183 2013
1980 2495
692 1900
413 417
1653 1634
1425 1
2796 2405
150 1669
1850 1427
573 1914
485 2319
424 1436
639 1017
1432 1423
1891 2042
1313 947
2871 2618
1895 2180
167 2235
744 525
815 2955
2320 1246
1691 1542
882 1174
1617 604
2920 1710
383 1849
2216 2340
944 1001
651 1959
2646 1843
139 1871
2085 2941
1440 2669
47 593
718 546
2045 518
1755 1319
339 199
577 93
1685 529
1250 266
703 1369
1521 571
2076 2489
1808 278
843 1020
747 97
776 1031
1520 1512
1048 2502
2555 113
2531 2688
1353 1452
2765 1725
1929 734
1411 1259
1466 2408
211 850
465 1875
1123 616
841 1919
1185 817
946 1081
2445 1671
150 1998
645 1559
2786 751
185 1309
1300 1218
2097 40
1957 1556
1204 2877
1637 1624
1284 457
1197 2333
812 1323
454 1054
2881 693
455 2679
2503 2965
1431 2899
521 1012
2730 2905
1857 2382
76 375
2367 2340
1650 2165
617 777
1311 1409
2674 1881
1814 1198
1760 368
2689 850
91 2846
1715 531
28 1963
2204 1984
975 823
2116 2363
2506 1027
2399 1320
1343 2715
2406 978
17 756
907 351
2079 2055
949 1787
1904 2554
1707 1457
1546 2783
866 1113
2544 372
385 699
432 2064
1287 315
597 2953
1241 81
2608 2200
1392 2711
642 247
2500 2891
2003 1051
149 680
1485 134
2592 1325
1400 350
1303 144
2068 79
2794 486
229 2430
1210 1283
368 1860
519 2370
2167 498
2742 1464
1416 2076
2792 2459
1594 2594
2589 1383
130 1763
2627 1365
2442 2758
452 2699
1724 2410
1172 1165
51 2254
2081 381
1035 1205
920 611
1498 536
462 1096
155 2914
1474 748
1559 667