$GLGSV,3,1,09,69,15,143,27,70,72,153,31,71,51,317,17,72,02,320,*66
$GLGSV,3,2,09,73,40,212,20,79,20,038,,80,78,056,,87,08,324,*6F
$GLGSV,3,3,09,88,11,010,*5D
$GNGLL,5045.12701,N,03021.76407,E,060526.80,A,A*7B
$GNRMC,060527.00,A,5045.12699,N,03021.76404,E,0.034,,070516,,,A*6A
$GNVTG,,T,,M,0.034,N,0.063,K,A*3F
$GNGGA,060527.00,5045.12699,N,03021.76404,E,1,09,1.13,108.4,M,25.6,M,,*42
$GNGSA,A,3,09,05,07,30,16,23,,,,,,,1.86,1.13,1.48*13
$GNGSA,A,3,69,73,70,,,,,,,,,,1.86,1.13,1.48*11
$GPGSV,3,1,12,02,16,266,,05,31,308,31,06,03,224,17,07,84,203,27*79
$GPGSV,3,2,12,08,01,100,,09,57,103,34,13,01,283,,16,20,039,11*78
$GPGSV,3,3,12,23,26,105,28,27,07,072,24,28,02,182,29,30,53,228,30*76
$GLGSV,3,1,09,69,15,143,27,70,72,153,31,71,51,317,18,72,02,320,*69
$GLGSV,3,2,09,73,40,212,20,79,20,038,,80,78,056,,87,08,324,*6F
$GLGSV,3,3,09,88,11,010,*5D
$GNGLL,5045.12699,N,03021.76404,E,060527.00,A,A*71
$GNRMC,060527.20,A,5045.12696,N,03021.76399,E,0.190,,070516,,,A*6B
$GNVTG,,T,,M,0.190,N,0.352,K,A*31
$GNGGA,060527.20,5045.12696,N,03021.76399,E,1,09,1.13,108.3,M,25.6,M,,*4B
$GNGSA,A,3,09,05,07,30,16,23,,,,,,,1.86,1.13,1.48*13
$GNGSA,A,3,69,73,70,,,,,,,,,,1.86,1.13,1.48*11
$GPGSV,3,1,12,02,16,266,,05,31,308,31,06,03,224,18,07,84,203,27*76
$GPGSV,3,2,12,08,01,100,,09,57,103,34,13,01,283,,16,20,039,11*78
$GPGSV,3,3,12,23,26,105,28,27,07,072,24,28,02,182,29,30,53,228,30*76
$GLGSV,3,1,09,69,15,143,27,70,72,153,31,71,51,317,18,72,02,320,*69
$GLGSV,3,2,09,73,40,212,19,79,20,038,,80,78,056,,87,08,324,*65
$GLGSV,3,3,09,88,11,010,*5D
$GNGLL,5045.12696,N,03021.76399,E,060527.20,A,A*7F
$GNRMC,060527.40,A,5045.12695,N,03021.76398,E,0.098,,070516,,,A*66
$GNVTG,,T,,M,0.098,N,0.182,K,A*37
$GNGGA,060527.40,5045.12695,N,03021.76398,E,1,09,1.13,108.3,M,25.6,M,,*4F
$GNGSA,A,3,09,05,07,30,16,23,,,,,,,1.86,1.13,1.48*13
$GNGSA,A,3,69,73,70,,,,,,,,,,1.86,1.13,1.48*11
$GPGSV,3,1,12,02,16,266,,05,31,308,31,06,03,224,18,07,84,203,27*76
$GPGSV,3,2,12,08,01,100,,09,57,103,34,13,01,283,,16,20,039,11*78
$GPGSV,3,3,12,23,26,105,28,27,07,072,24,28,02,182,29,30,53,228,29*7E
$GLGSV,3,1,09,69,15,143,27,70,72,153,32,71,51,317,18,72,02,320,*6A
$GLGSV,3,2,09,73,40,212,20,79,20,038,,80,78,056,,87,08,324,*6F
