3000 10
1144 710
1365 584
106 2900
2674 26
1434 2591
1078 781
333 1214
352 500
261 1564
1662 2059
1761 970
1583 510
2947 5
1035 266
892 688
1898 2147
1250 2349
1889 2078
1948 276
2293 640
2328 1722
1680 2225
2969 2891
2823 14
175 2601
605 28
2216 1946
757 2510
230 120
1640 2978
2617 1128
1244 1597
1816 1500
275 2291
722 155
816 1866
637 837
2563 560
2407 722
667 436
250 369
2444 2988
687 1680
461 956
1525 2649
550 2850
1644 1547
1838 2118
1164 1895
1430 2719
627 444
429 1798
156 2310
2412 1480
1088 2217
2113 71
1990 2420
2180 2480
1265 2657
1895 2897
2735 1508
2938 1444
2711 460
844 621
2278 2323
2222 1374
2378 291
2442 1514
2000 1918
2055 2202
1645 1704
2493 1501
545 1608
2550 530
1871 1957
1486 1664
754 1756
2319 2844
423 2672
2877 2989
2681 961
713 2211
1595 2806
2095 2414
515 1220
2867 1977
792 1977
2976 1226
104 1664
1113 1786
1890 1081
2619 2200
2790 24
2596 2846
2711 1316
1048 2668
1404 2312
198 1538
2164 2175
1191 47
2739 720
1308 2713
166 1927
1008 1614
2167 851
1965 1425
2090 1624
1406 974
19 1737
1373 575
2514 904
1364 2906
2248 1724
234 2075
612 273
1366 463
968 1852
2486 2453
480 2143
952 477
2534 1099
2074 2192
193 1243
2170 2929
1714 93
1684 1002
959 2955
1170 163
315 2307
2689 1744
2888 590
1166 1516
2904 1720
992 394
2059 1777
2938 2015
854 2402
1867 2955
1145 907
2480 1119
2284 884
1784 549
1417 702
739 2425
1896 2744
1619 1962
2462 351
960 2626
2448 1971
1773 1097
111 456
1246 1329
2706 1811
894 1772
1622 1917
2079 2089
2546 2412
1989 408
142 641
1884 2389
354 695
2030 230
2104 2463
886 2838
1347 269
1724 2843
259 449
2243 1593
1 2303
2801 1251
2656 1433
2091 1773
2492 295
723 1577
1703 998
899 1063
2639 768
868 2093
2677 1521
355 1353
731 708
2511 859
562 1170
2798 2801
1581 1041
2759 1302
2998 1575
1000 1427
1030 2199
1178 79
2824 1716
592 1840
1023 2548
2636 1835
669 701
1530 1902
2597 650
1762 2759
2606 1670
813 845
2235 1350
2644 560
833 1169
2174 1196
989 183
2252 682
2961 2108
1734 1708
2882 1844
2858 482
2580 900
1455 749
285 1514
1102 489
508 2405
407 1336
1445 904
2324 2584
30 1167
2458 2087
1301 1637
715 1735
324 2036
2588 907
1996 2469
1411 2736
2742 572
573 821
676 2449
2710 1838
394 2817
2667 1628
1889 701
1963 1356
1697 2184
2716 1067
683 2789
270 415
1535 1409
2470 1189
2254 1410
350 2291
50 1497
2495 94
1326 360
2178 2929
1080 1267
930 2911
2738 2731
806 2757
2109 688
2857 2663
2241 1855
351 685
2784 2954
2893 1203
2654 1215
908 539
1606 1148
539 686
2209 2113
962 1298
1099 2523
1621 861
935 2289
1028 527
440 600
1613 2322
128 2610
1653 1203
2143 265
2055 1093
207 1846
2678 1718
1539 1357
2442 1326
1174 1405
75 195
1398 1294
986 1349
81 1378
2469 2641
2060 2041
2206 2940
48 304
2959 2003
257 107
1023 2150
2490 290
1537 825
1073 976
1576 1378
958 1391
2070 821
2406 607
1600 2468
39 114
266 902
48 1434
175 2518
1581 2283
1005 1882
849 1310
1577 1096
649 1796
952 2473
2648 835
1560 1990
2837 1982
2485 2241
460 506
79 140
1391 380
1188 551
797 1924
2270 2606
799 252
913 398
2870 2592
210 1223
1500 2618
1826 1196
2489 2477
2867 529
577 1623
1221 1807
379 2339
2827 2656
2549 2417
1783 372
2031 1184
2094 719
138 2305
1048 627
1211 28
754 2541
2704 2117
842 2400
1601 1088
2201 758
2304 2943
1948 717
2100 159
2443 912
675 2410
2615 1362
1104 232
1257 2302
389 2795
2429 271
678 637
601 2619
2107 263
1182 1255
777 2329
2945 380
1916 924
2395 1359
884 1444
2956 1446
832 2770
1325 2909
46 2089
864 1179
646 2531
2853 1003
1634 2101
1112 402
43 292
2236 718
934 874
1200 458
2263 999
137 2194
1989 1300
407 2587
2214 11
2255 2941
2264 1760
58 1152
2906 2182
466 2039
2929 1578
919 597
1732 2615
2103 2432
1498 2804
1993 1868
1966 2531
132 601
2969 1057
1360 2730
1523 2322
1002 2726
151 1730
569 2600
1103 391
626 216
624 511
1692 2596
1225 2674
2408 2563
2076 2715
1125 1245
13 1963
1497 2638
1298 1057
1650 1509
1521 1610
1779 1680
883 410
1925 2858
1211 2645
2691 159
1493 672
616 22
32 2294
1829 2715
1704 111
1173 1446
897 612
2994 2334
1623 356
2755 753
2644 431
1793 493
2367 1950
2784 2490
1883 1304
544 2159
1817 2920
899 1865
887 85
2002 1004
2996 2648
2893 2709
1178 2329
196 1477
2128 409
2259 1634
2155 2196
976 858
1570 2633
2233 1968
1495 537
796 2808
1459 2428
1962 2711
1491 1290
966 1181
536 744
2534 745
1289 59
2739 160
344 201
2382 464
167 2038
1771 695
60 2569
2612 1206
1826 2464
1605 793
2368 149
810 1402
1711 343
1806 129
1943 1690
2139 64
23 2187
2105 1743
2234 2882
207 2220
2792 473
2899 1621
1261 1988
1810 2310
1230 1266
2664 361
1622 873
1187 408
1125 2052
2999 1784
1984 1741
1570 2396
469 1343
1470 2465
1204 383
522 1878
180 254
2108 1986
306 1024
2668 95
1935 164
1975 963
1533 1068
1183 2122
822 1135
2760 1577
1260 1348
1875 1846
2827 1545
1042 214
1532 1248
729 2916
2687 206
1060 1277
1700 2908
510 69
1170 1783
222 1567
700 2114
1172 1688
932 2392
1864 835
2166 2890
2431 1955
1752 1885
1297 413
1562 2561
1778 2393
1532 2337
798 961
1389 2035
1302 1127
2699 165
433 2624
2472 1306
1412 2495
2004 978
2315 1634
446 2877
404 1958
1939 2659
2540 616
1349 1825
2105 1936
984 212
1420 1949
1546 2351
1740 917
1186 1087
252 336
1225 1376
1046 936
270 2067
2161 2746
1081 969
45 2868
1114 2344
890 2156
1704 535
523 986
694 2177
437 1722
2537 655
2208 1262
2683 1735
1242 81
1938 170
2749 1922
2428 1781
2942 1538
1534 2846
1996 878
989 1179
870 470
808 1559
1947 2051
752 1038
2339 2914
1036 1847
2012 1990
469 1432
1288 872
341 677
851 236
2292 2682
1961 730
794 146
607 2391
1385 2690
228 1250
2466 17
570 2587
1567 2863
185 1232
1686 1020
2509 511
1338 2398
1911 524
1422 1388
35 1024
2018 2041
2104 1091
1494 734
2786 1131
1264 2803
1377 225
2210 1920
2238 2499
423 2153
1252 33
828 770
1150 1027
1910 2224
2943 1429
660 139
127 1461
755 479
1786 2061
725 2786
1569 585
2935 327
2045 381
655 2179
1771 2578
1865 1209
2449 2599
1645 670
1544 73
1069 545
1245 1419
2342 1222
1691 258
1637 2026
1470 1503
1430 1819
2355 735
769 809
2779 2833
2065 943
1872 2570
632 846
697 1950
936 2740
717 1296
2723 2119
1586 1590
374 357
1517 1054
1575 2441
1542 2974
136 294
789 268
693 723
1812 1099
2427 2605
122 2753
712 1877
1068 1151
431 1476
1761 302
1015 2615
2794 2732
124 1391
1045 2034
330 101
2519 2460
2440 1040
2762 173
1642 811
2348 2213
373 1682
1835 2839
629 664
878 2922
62 2350
2054 370
1361 1809
549 2464
258 421
1143 1551
1387 613
2652 1223
462 173
2281 294
710 2774
540 189
1282 805
2135 2046
2604 994
1392 734
2603 435
1866 2330
1851 2078
1219 1422
2079 1293
1545 2761
830 2731
2883 1672
179 819
2221 1928
2068 915
1913 1772
571 1751
714 2049
1907 1454
157 2358
862 687
1526 2862
901 1619
223 319
2071 420
412 623
380 265
2815 2385
2724 2223
138 2045
1369 1279
2253 459
906 283
1313 993
573 1713
2834 940
957 1995
386 153
1045 1340
2522 1599
636 1668
1431 2046
15 2405
1728 1185
2843 814
2879 1698
2214 1507
360 2845
582 2244
387 2708
803 1503
1058 186
1202 1831
2403 300
1513 302
782 1641
2892 2287
237 672
2456 1235
502 183
2523 2510
1425 2388
1269 2365
399 591
2810 1559
1140 2872
1748 2849
280 1579
1750 351
2439 743
2648 2270
42 2376
1578 1650
2852 836
2571 1702
886 848
802 1785
2890 1504
697 436
1983 2749
1143 721
2602 2224
2168 2912
1901 2514
2115 1630
2728 2369
278 1410
1674 2525
1556 973
738 1789
2993 374
1164 2488
2440 1575
155 909
1347 2128
2296 125
954 567
287 2172
1663 65
2491 1199
2516 1670
1824 415
2657 1766
2576 1155
2607 2875
1888 60
2272 654
192 359
118 1707
303 1803
2380 345
1487 2765
2869 1548
7 2006
1789 247
1407 2421
2935 1197
124 2541
2401 26
586 799
911 2643
387 2308
2476 614
2575 2268
1991 925
2517 1386
778 143
2484 957
1811 2526
2499 615
1824 1234
2000 666
877 703
1409 2720
2340 814
1445 109
859 2374
849 1029
227 1519
2160 990
771 761
1408 2987
2909 2181
153 2916
1310 547
3000 144
582 2591
599 1280
2043 992
1998 2538
1750 2042
2467 2289
2 994
107 1890
2501 1906
854 2201
1625 383
2362 613
344 1366
606 2951
262 886
495 2151
2942 1815
204 221
797 2782
121 148
1111 2300
1071 2617
746 625
1874 939
840 547
565 1194
2734 97
1264 615
1874 979
2042 1154
1089 1663
2866 2358
1214 53
2387 2361
1715 2546
191 1696
1022 834
822 2854
2232 262
187 245
2102 2431
1529 2259
134 1042
1251 2665
442 963
1085 2939
1355 474
1924 2353
287 158
2982 726
662 812
2892 2288
2346 2908
1467 456
999 651
2182 2774
988 1560
358 2697
1195 1836
1694 531
1471 873
1581 2207
392 1021
2610 2114
2492 2725
2721 2822
2492 642
800 244
238 1584
2972 2707
1168 2419
2797 2888
1126 824
2265 325
553 150
275 250
1018 435
2310 361
750 378
1886 426
2465 321
709 171
2353 530
260 676
2911 1669
991 1080
507 2191
1705 532
432 931
746 596
188 2212
570 2767
1320 1397
1005 598
774 929
2590 788
1146 1013
2111 1693
1505 2461
924 1754
2014 2552
1239 2660
50 2728
1441 342
2821 1175
1412 1039
1818 1225
2223 2086
1367 1916
119 1869
22 2973
2633 2275
980 371
2111 384
1364 1477
225 476
1421 178
2481 273
2524 546
814 2872
1511 707
1832 59
1359 2741
2476 1973
2282 1531
176 2252
830 502
780 2273
556 1494
1489 2863
2050 2285
1700 1086
1188 2565
58 422
1823 333
2616 186
773 366
1558 2979
1304 405
2828 2294
1314 905
1787 1053
2393 1572
673 1458
1496 1742
1343 799
161 281
1625 191
1655 1079
1617 2609
2439 2725
311 77
442 411
1715 1755
2304 2694
566 1027
2757 1013
1083 2295
1389 2724
1909 594
486 129
514 875
284 1185
1068 2722
514 154
910 114
163 926
2145 876
2011 885
254 782
2692 624
475 2337
2915 1567
203 1685
357 2425
531 2218
2855 1867
1254 1218
1510 2255
618 215
2568 2333
1706 2419
1596 335
1187 2422
1053 711
2411 945
1069 2431
1529 1712
2910 2952
704 2189
1320 1066
677 87
2496 1968
348 2013
1660 930
1926 1859
2677 2933
567 2844
1748 123
1437 49
515 2551
2299 2352
2415 434
1975 1342
740 1674
289 2404
375 2530
1980 378
1603 1101
2521 2025
285 745
2725 1568
2432 2238
2335 294
2006 1001
1931 2157
824 1670
1894 1051
991 549
1937 1061
2482 1881
434 577
2622 2038
99 2173
2539 421
2528 2876
620 1127
1123 879
1904 2415
1193 2751
421 2043
2 551
8 1396
2129 1074
2205 1687
1984 1631
2312 973
2430 1613
1314 818
2316 2999
2977 2711
286 2195
1694 100
319 2917
70 25
1190 2726
2035 2490
1571 636
1987 340
2795 2266
685 2217
76 985
1699 1897
535 2689
2981 2160
1569 1943
2617 2165
794 24
802 112
2250 2023
259 1207
208 483
472 2422
741 1580
2299 2924
419 120
1478 1341
482 1796
2866 287
2027 69
2577 2742
2840 162
2068 2770
2818 1435
1709 2912
792 101
478 1038
693 38
1227 570
2129 692
2902 242
1455 569
1383 866
2655 2934
2106 1316
653 2747
356 1197
1848 2072
2658 1371
64 2852
314 576
499 1611
2148 2028
1916 848
222 2705
1159 1711
1570 1269
2885 1436
705 1910
685 253
1532 2600
2306 1403
758 87
2451 2013
219 2849
1870 1295
2584 1704
2231 2394
2209 103
559 1213
2130 2474
1729 2324
902 1407
2718 759
2663 1721
1184 2793
474 2210
2990 2948
2310 1478
2015 2233
376 1482
1843 2975
882 658
2790 2402
2741 2557
1377 965
787 950
416 2021
2782 2250
1561 1845
2184 90
1156 703
2454 2227
1113 1758
528 1689
651 2878
2162 1382
1609 639
2243 1676
1151 2948
2556 1972
492 1706
298 1198
2565 2789
610 1925
918 2568
55 2121
1635 2260
1485 744
2856 142
2435 1234
2124 1270
2815 2523
1142 2698
2586 1757
2362 1999
377 1343
801 384
2791 1836
2121 950
1769 524
416 441
2976 1123
1249 2625
2905 314
892 1131
427 581
1082 186
2874 983
310 2185
2379 1499
1253 2936
2676 1399
1406 2883
2237 172
1529 168
2349 2109
2918 2923
339 1212
2555 2097
2498 2970
2202 113
2437 1018
1379 1571
2933 2399
604 1499
1521 1785
541 2579
399 2244
572 37
661 2175
2351 1133
44 1271
387 946
631 2640
554 34
2982 467
970 1687
1463 1356
882 476
1271 1627
1684 1122
695 2397
2958 2645
1272 1368
2477 1620
2794 2178
2775 1993
106 395
557 2176
2811 2272
2276 1805
246 1240
2171 553
1502 2642
1522 417
93 21
881 2768
1255 896
2148 355
2953 1698
2447 1589
2984 256
2053 662
426 1247
1627 1293
877 2590
2356 1841
1466 2103
2905 817
920 2022
1280 503
1290 1695
1703 1515
2261 2372
972 353
255 2880
2642 2513
568 928
1599 1958
424 2396
2991 1677
190 527
2501 146
1199 2203
1627 1967
1640 2840
2110 888
2807 335
1344 555
1568 37
1408 1354
760 996
529 2879
953 1162
207 2848
57 1909
1936 1782
1898 1850
1299 2279
1960 181
912 2636
313 2457
2673 2881
2341 83
1806 2225
1770 1966
644 308
2207 2985
2873 1751
1582 439
443 1662
740 454
2096 979
1828 380
1365 2776
2623 1985
2604 1801
1863 195
2686 1997
217 2282
2678 68
1692 16
518 2010
2302 2376
1669 1457
1026 2149
1765 656
2112 310
2542 1907
115 267
124 282
1094 18
2745 1469
453 2787
1747 1740
1820 1205
208 1753
533 174
1647 1
852 559
1584 322
244 512
2185 1291
1981 354
1597 480
1270 2260
1643 2457
2187 2593
937 2251
2721 1384
1010 809
1495 2423
63 916
2550 2704
180 1380
748 2079
548 594
2679 45
980 288
364 2750
883 249
1589 1574
589 204
2363 870
1952 1540
1222 901
2582 1848
995 643
292 57
1736 2434
1390 2347
2123 1298
1049 2811
2341 2682
18 2528
254 2058
2434 2057
216 1017
2634 2355
192 2903
2586 2256
14 20
1034 2019
2219 141
248 978
456 1903
1527 2301
370 526
1964 890
2864 1292
131 826
2314 2533
1562 1980
2545 2200
576 2769
525 1965
1766 2805
334 1098
56 2697
1896 2695
1532 1464
309 2631
2462 1298
2365 930
1725 215
1385 1632
34 281
1733 1858
2788 1180
766 2783
1747 2264
2685 2625
320 717
2538 2822
436 2298
1857 2722
1056 2140
2324 1115
264 23
623 1708
331 1677
2806 1259
379 21
12 2071
1104 2397
684 793
2814 1378
1159 2729
2628 2937
2154 1279
396 820
389 1477
2502 1019
2719 1085
1486 898
1180 1620
229 78
38 2895
1823 1651
2441 751
1856 1973
871 346
2939 219
1573 2256
1451 771
686 2629
772 1107
1261 2311
317 2370
2096 2752
126 2490
620 451
457 1921
1188 496
4 1282
1918 762
1398 61
2861 836
2007 1369
2544 1893
1305 698
363 1675
1156 762
1689 1704
126 2592
2539 632
587 84
2079 2447
967 2254
1558 2505
1609 2867
1526 1321
668 2582
1557 2768
2813 1853
345 2995
2787 1202
139 602
1105 883
1690 1693
1893 1719
2785 932
2366 1673
2515 663
1995 953
489 1392
1050 2438
1605 2127
1017 1812
1443 618
2049 468
1881 296
2740 50
2466 2497
1062 981
1440 897
420 807
2536 90
2587 839
454 1914
1319 1071
2065 1076
144 272
2542 2380
2737 1083
2692 245
362 2424
562 16
1563 2614
521 221
115 2559
1112 2605
2824 1550
747 1814
2570 2125
2467 2290
1512 1938
839 1358
2427 1306
2365 1322
1182 283
1467 1929
1465 491
567 623
1735 823
1852 2743
701 2793
2134 2231
2343 2971
2688 739
137 1158
2604 1582
1063 2637
600 110
908 2854
2360 996
783 226
2934 317
1859 2330
1130 2746
895 629
2269 2220
2486 1453
461 1236
1273 449
1671 1585
685 2359
690 2099
993 2483
1062 385
2923 2897
1649 1268
850 1933
2598 2562
760 753
2554 303
141 790
2048 1956
490 2913
1414 774
1661 2386
2229 2017
2507 108
2279 1007
217 39
2870 2138
2257 1758
819 2020
1776 687
1875 2949
2242 913
1832 2412
884 1332
1284 457
414 615
1899 2390
1049 761
2914 2930
1100 145
397 833
1600 249
586 1885
1075 1058
2598 2592
827 2740
82 2820
2332 823
240 224
595 1058
2331 680
1303 1725
1036 2980
1672 2896
439 578
197 2809
2908 1338
2581 2599
509 720
1090 1167
2950 2109
2634 1857
1296 1285
1736 1666
293 1775
579 164
2579 1830
1984 2549
154 847
1549 2826
498 2275
554 1930
1375 463
1517 1420
329 262
1659 1292
805 2580
1769 2533
484 1458
1594 1913
732 506
429 1482
2032 847
2268 2152
2022 2829
2585 856
284 825
2532 2810
172 647
650 1801
1340 1228
664 1118
1436 424
1378 1289
2490 403
2750 977
318 2547
1313 2190
1525 2567
2763 518
1037 1376
2066 1387
2081 1982
808 1138
1513 1098
1357 2876
732 1520
318 2632
2898 2198
2687 1509
6 1205
2936 1424
2675 1157
450 1355
2041 791
123 889
261 1871
457 1815
243 2028
2231 2503
1469 1646
556 479
102 1961
874 635
36 373
654 2734
696 1373
1440 1450
2424 2706
1045 214
2574 504
826 2855
2853 728
2845 2321
177 2467
1582 1631
2122 2399
2162 1917
2385 1763
1841 2563
1221 1215
1144 9
928 2944
2483 611
98 1797
1677 520
1141 329
2163 855
2050 522
1403 1000
2190 2962
1229 2124
1495 196
853 1330
2350 1973
841 1633
1943 985
1142 2816
1667 1426
1762 2543
1051 1457
2975 1055
2732 675
1724 1654
1009 2374
2159 1861
117 2660
1114 1646
2137 877
2024 2870
2577 1643
2889 1860
20 2184
1647 2132
689 2685
2014 2288
1229 880
2557 2258
1853 2611
1744 988
2868 1321
1557 2188
2710 2747
2944 443
1915 1170
2820 1681
1862 769
210 2250
1121 1436
2913 2284
748 1460
775 1405
3000 1400
211 2985
2261 2029
1680 533
726 503
1927 1642
2505 2146
2860 2752
1842 2126
544 714
1245 1541
2928 566
1252 933
2903 600
1006 2120
2801 2781
2235 2070
1389 1415
2230 2658
1249 945
1368 2127
2543 117
2312 2067
1078 1905
1666 2082
297 558
1856 713
716 2058
2666 1721
1929 2716
700 2898
2836 1917
1921 574
2861 665
1201 1836
768 2446
1226 152
1580 878
785 574
2133 2033
472 1177
741 1336
2296 1255
36 2884
599 2386
2508 2384
764 1105
96 2986
1701 2236
445 1317
1779 736
2873 2248
2257 1324
1173 1071
857 776
2953 2327
2326 1990
812 2495
1791 2499
1510 2045
1900 1802
670 1713
53 2487
1993 71
2036 1590
2408 30
298 967
875 2080
1459 2029
2972 1276
1116 1844
660 2314
1850 2061
2589 1157
1588 2709
1192 2809
1217 2280
1753 2427
1858 1070
2095 2700
2314 1084
1464 1135
567 2107
2560 804
716 1919
2010 779
2879 2564
2703 2125
1808 635
974 2637
312 2228
1534 1117
2204 1448
247 257
2142 1165
2763 1348
2445 667
195 1648
1941 2134
2755 253
170 1974
1747 2659
1668 564
2717 1535
532 2833
453 2173
971 1592
2607 1443
2971 380
1794 1449
2714 167
312 1492
1452 2563
689 299
1496 540
1849 698
2171 2621
1137 1120
1220 77
1337 2970
212 858
1073 50
1669 1292
1222 440
1544 2436
1088 535
1472 1516
309 2593
845 653
2801 884
2686 1166
185 1490
2017 1819
2134 1847
786 286
692 277
2968 295
921 894
1526 2271
184 1278
239 679
844 12
1007 2995
1799 2664
2798 1064
1333 964
2366 1026
2965 1652
1572 2040
41 2792
597 1370
2245 332
209 1931
2431 2437
340 580
2158 292
1780 1979
2290 2167
2886 2430
1816 1696
2491 2517
2132 97
499 971
2391 2694
2907 272
470 481
2246 1269
568 2572
1809 1149
1944 199
2325 1068
1147 790
393 280
63 2684
1604 2198
32 1539
1018 1547
235 290
350 1567
354 2945
481 1655
1472 202
2836 1464
1312 1709
1207 296
1110 471
2334 1437
699 867
2364 2821
326 767
992 2413
627 1992
1301 137
2144 987
1482 2993
91 1393
246 1034
2432 1438
815 914
1607 2238
871 2520
321 2451
1598 2238
385 304
2324 2141
1809 311
2122 404
130 1025
1161 2077
705 2227
747 2857
347 2919
2073 1317
2796 2672
1398 1400
765 1346
2251 2570
921 445
390 2635
349 2308
2962 1028
1449 1945
189 2506
2446 595
2155 2292
2409 477
2373 1828
2991 534
2016 1475
1800 1537
2381 1354
1108 2829
2047 2084
1739 2188
2206 2931
1172 2970
250 668
2226 844
213 352
2482 2932
2101 1566
646 1587
541 2956
1939 621
1460 27
643 2966
1367 869
3 165
2727 1738
1579 1656
364 2780
1290 1532
1177 1089
7 785
248 633
1641 2902
1891 2613
495 300
2595 1174
2263 211
2481 523
755 2414
2701 941
1854 886
2738 2946
1036 1745
234 2601
497 1020
664 2097
41 634
2707 671
818 2680
2177 2226
842 615
1975 1015
2380 38
2927 951
1463 2753
2131 1833
390 170
2603 837
2363 2287
2881 386
1987 125
613 1397
777 1016
2885 99
51 2832
2813 1296
724 538
603 241
1914 1491
199 2406
1054 1839
231 1328
1683 133
2614 2681
521 2684
1477 2653
1148 342
297 2987
1065 2962
2859 2584
1381 1820
2298 2199
2098 2005
1367 271
626 2800
2639 924
441 633
997 1492
919 596
738 1149
2949 1787
432 831
1979 1221
943 2267
2458 2957
778 2744
369 2925
1842 865
711 721
1863 448
1887 1146
2646 1559
996 164
307 709
1119 1629
1011 2048
953 2019
1581 802
168 2836
2509 1345
2357 264
2305 1210
2733 1879
349 419
2940 1287
2594 798
2566 410
1395 1972
2747 567
2539 1731
1208 2087
78 299
2016 1821
422 1181
927 2581
773 2147
2564 2516
925 2807
40 630
2642 1945
2741 1908
1615 1892
2783 1233
2062 1639
1344 966
1231 1072
1768 466
2836 2471
2919 2649
1238 1334
903 1268
1094 1473
2037 2967
2394 233
2348 75
1790 2174
811 652
2360 1543
1585 2496
807 1122
2335 536
92 1427
1672 2812
263 2283
2553 675
1292 2740
648 1833
649 118
1070 2125
2884 1792
1874 2834
2001 2977
2768 1810
2816 1934
2192 2253
2775 2255
1759 135
435 2756
1598 2286
2662 939
1392 656
2654 1658
707 982
1483 323
2312 73
1770 334
2493 2924
1442 1541
231 1594
12 145
2839 374
2005 2978
2290 1960
2361 2257
886 1076
430 1350
641 504
632 2354
2161 2842
1224 938
1648 2416
80 64
251 2698
1838 124
1508 2111
2981 2051
498 2495
1426 1521
2392 593
1506 1345
2646 284
1021 1213
2895 1137
2241 2766
2403 1467
995 1132
2075 868
2239 2016
1101 2432
1959 1483
1106 589
1193 941
1797 1294
477 1057
102 2522
174 1323
218 2544
1951 840
267 2056
465 1876
1200 1803
1888 2912
1453 2433
2044 2774
1780 1677
1115 931
2473 25
2339 1554
1991 1324
2738 1461
2007 52
2221 2529
866 816
1880 1393
86 1267
2144 1001
1555 72
2723 1125
1917 1602
2306 455
1565 1997
564 2375
367 2074
1861 1448
638 1720
2108 2515
555 1253
1057 359
1111 1236
2025 1845
1552 2737
502 2344
893 1171
2100 87
922 1733
955 301
1790 2247
838 680
2158 125
891 1636
728 763
2348 2059
960 693
2714 2608
2831 2756
2679 2842
2978 1138
1442 1691
860 2170
2472 2180
2535 2146
116 447
1530 2443
43 1813
508 1988
1439 563
315 448
622 1959
67 1930
1233 1118
1884 650
2467 619
1277 2421
651 2871
2926 910
1606 1678
1061 368
1629 2280
2368 784
1522 2856
2851 592
940 2338
2860 425
420 923
2624 538
1044 2835
1302 1876
330 1549
2404 1941
2187 1256
2239 1134
2139 473
66 2673
2691 742
1051 2402
323 1868
516 948
417 2169
887 520
2710 1716
918 1523
1524 2717
652 1093
1923 2027
1850 2676
2222 2831
2082 2592
2156 2555
2907 2179
1339 375
2914 1256
1969 1999
1128 358
1371 1396
2258 2415
609 103
977 2066
1665 1795
2905 1565
2487 2578
1723 1554
1992 1231
2091 1911
1912 594
1905 2168
1963 178
1777 54
2151 2092
1869 122
2003 679
1227 2491
2076 2020
1572 2262
223 757
1834 2695
464 811
947 2667
1388 2851
517 1618
1431 1233
1454 1896
2371 2311
1727 1656
2894 2345
729 1238
1330 1651
2344 2316
2415 2052
1641 1538
420 508
2775 2445
2702 1531
1117 2487
2316 2370
817 1528
778 2423
2475 2696
590 84
2503 338
2800 2472
645 2671
2020 800
332 992
2575 1504
61 2053
1074 1822
2624 2652
94 7
70 2274
1511 2216
1781 588
2601 1775
198 299
2640 1176
1237 1390
1014 1129
951 2997
1443 2447
2324 306
1851 2647
2865 2410
459 1555
1624 1145
759 2141
2278 2308
2001 1518
681 1216
2474 1752
1339 2566
872 2630
2754 2766
437 484
2800 367
1080 852
2698 2651
1456 2267
2008 2791
1424 1307
197 2891
2232 537
1579 37
2696 591
938 1657
55 1405
2407 673
1161 2303
917 2191
2598 587
105 2102
2102 2193
770 1026
412 2069
968 1416
1384 1116
1327 1879
1435 2624
684 1688
964 1093
2234 3
2229 1616
289 2470
2318 1574
1750 2455
1380 47
2018 1870
2249 2736
2453 1295
2620 548
2605 2504
2011 2328
1248 1607
326 634
1897 244
1816 1286
2980 1888
2020 2241
2494 1602
1430 1186
1126 1920
2044 2097
702 1079
2197 1451
1481 1120
756 2883
1792 2994
2918 1710
704 1300
558 2447
1335 2623
487 2878
2083 2964
525 744
997 2915
348 2471
2384 648
428 1418
2655 2277
628 1777
2262 135
50 1774
2638 1372
1389 110
362 2545
1652 489
85 2031
1519 2683
519 419
2315 236
642 1998
1308 1586
1817 1141
376 1933
1262 1249
2779 2246
1155 2711
1975 1754
1095 2505
904 2368
305 1285
35 28
200 2357
2626 1381
2771 1485
1951 262
1726 2009
1767 780
2326 2988
1983 2032
1970 1610
791 1883
2237 948
430 2033
1954 346
2932 74
2026 500
2504 2874
2803 54
29 335
347 2635
1353 2847
1911 2972
220 552
1593 2489
395 661
2661 535
2126 442
1287 1394
1678 2452
2205 659
298 2386
505 512
2157 2521
1090 1951
2073 501
800 678
1753 1363
2764 2090
306 1043
1413 1035
691 645
2713 1892
2276 2973
2333 975
2372 2077
2166 2993
1971 109
738 2309
769 2528
2634 124
581 916
1468 2271
2072 617
2901 1468
505 471
1828 2712
1739 1237
2630 889
488 1542
279 2356
324 1743
274 2436
1194 1474
2502 2411
2778 1033
1241 52
2155 583
29 255
1276 1737
66 1899
2520 606
1810 1418
1402 187
2004 1046
492 2797
653 1515
1626 1676
193 750
2837 968
179 2583
885 1044
2142 1814
2777 1937
2313 2459
366 2547
604 2666
1020 1457
31 1922
1626 1604
203 2118
2546 322
2371 1242
2758 2983
40 965
2519 674
1265 88
1488 2647
829 737
1291 293
829 2708
314 1741
2063 2536
1944 1487
1425 658
147 2804
1150 2822
2608 849
1813 1462
1335 2037
2099 286
1447 2530
1063 669
2574 2520
1132 696
867 2185
891 561
699 2295
363 2232
2479 1764
1730 1303
2761 1794
401 2116
663 2195
2894 44
550 850
1092 509
674 1173
1828 1975
669 2804
2808 2203
2498 235
1514 1318
5 1932
2331 653
2083 2869
2595 240
239 168
652 268
1139 298
1070 1892
2104 1263
1804 2455
201 2136
1887 167
1611 2212
108 557
2986 2834
1548 147
2727 2551
177 447
1258 2764
1204 148
2420 727
2733 2116
1283 428
2650 1946
2194 2946
1837 2016
2029 1260
1208 1882
398 795
1664 828
2047 65
2320 429
157 1608
2785 406
1595 166
1821 2965
316 507
2558 2354
1952 1825
534 2010
1976 944
2162 2218
1075 915
2180 491
45 2841
1635 2818
1717 1026
1897 1632
337 418
1175 2338
468 1873
2478 737
1822 942
328 1158
937 465
2687 1591
2418 1745
863 914
1168 485
790 2546
1423 2794
1802 1614
2085 1108
2927 2053
1560 427
2611 1617
1169 2523
1942 2594
2273 1546
1446 1717
1638 1548
11 2612
350 2529
1639 2242
1352 1288
2910 1109
1940 649
171 1056
1201 452
2670 866
190 1118
1441 160
279 1567
418 1518
944 659
2145 105
1171 2258
1949 228
1087 1169
2009 1530
518 1428
1107 2941
706 665
2773 2556
119 1353
1109 2017
2777 2558
1953 1139
783 2012
2535 1777
1088 1900
169 2772
1274 327
400 584
1059 2671
468 2305
2240 98
2430 1923
2978 1162
1969 2080
2346 1708
1340 1540
238 152
1725 2341
1473 2459
1673 1553
68 1323
2249 1659
2008 2126
1163 411
920 2461
2383 1891
1788 2160
1862 2613
74 1450
2475 403
1130 1124
1246 1777
2091 2286
1947 267
2164 2375
2923 114
1144 2215
833 463
1612 269
2242 1262
2758 864
1917 1198
339 1561
943 1852
89 2190
2548 2297
1031 1239
1716 843
1149 1312
2746 1281
1208 365
1258 1536
786 255
1942 2847
2285 1890
1006 2631
218 2069
2153 1932
77 2236
310 1712
1222 2773
1901 2331
1086 1022
2445 2359
1805 2084
1240 8
1247 252
72 1720
1679 818
401 2293
2899 2769
2941 955
1683 519
1506 1192
1255 2406
1077 974
923 169
2527 11
550 826
198 1653
122 1309
151 1327
1618 1047
2088 724
194 1073
1484 949
1351 62
1254 2468
2653 1297
198 639
1012 2435
2540 460
2966 1800
1830 2802
1686 751
982 1011
1247 1093
1446 1949
2092 2352
2573 1772
1325 2456
1331 1985
1043 1749
2937 409
2145 1527
733 1339
1902 1003
2336 1066
1751 856
543 920
325 188
1785 2387
1311 2799
483 1298
2175 402
1386 682
37 2313
1244 1767
1005 775
2554 987
979 1257
552 1374
625 1471
1016 2896
1241 1009
2300 2573
2163 156
1973 815
2379 1219
1728 1493
1307 1363
906 2054
1785 736
888 133
27 2382
1275 2494
757 694
1097 2865
1774 2339
76 1088
869 1160
1835 1091
1019 1513
462 1934
1479 161
2176 2025
455 2448
359 1447
956 307
1827 1905
1869 2887
1498 924
2447 2535
2115 1462
2203 1230
1012 495
2266 2662
2960 1859
2669 2161
2947 2369
77 1417
1456 2526
451 2508
2825 327
2972 2819
433 866
2751 575
1512 1438
2571 168
308 22
905 757
820 935
2090 1639
653 160
1108 86
2641 911
542 2057
1872 1394
1533 1212
2180 128
2323 2511
1106 2094
1727 731
2377 1315
1731 1490
1543 2281
2040 2460
2479 160
2193 2319
2409 570
2030 1746
2621 2290
2920 909
311 2743
617 2729
1439 494
827 1680
857 2377
2146 1115
2183 954
2197 565
2034 517
1416 2060
1060 343
2702 182
1004 1660
1135 1665
2939 242
1793 84
1768 2043
491 2426
1285 361
127 2460
1860 1628
2491 382
896 2160
775 763
400 2240
985 1346
513 2954
1216 1064
2622 1994
2713 1657
1252 122
2063 989
1266 388
2513 2527
628 893
1409 2381
1495 2568
1809 1839
10 1855
1195 603
1033 1153
1055 1342
1469 2484
2770 1206
88 810
2378 2835
2338 438
1032 598
1638 972
268 391
2320 2186
862 631
2928 1401
2921 2532
2963 406
881 1092
2767 1530
2500 149
2690 1636
2781 2002
2841 609
1925 1712
342 657
784 2497
895 2150
1878 563
1577 2401
2512 2434
2200 256
141 788
2967 176
1682 1649
338 2181
926 1922
2169 2588
608 1592
1282 949
1798 546
2086 774
1309 2624
971 827
1886 371
1124 1228
2730 475
1399 2830
2043 2589
1311 1763
2778 643
813 1136
1418 2064
1165 2507
1758 1282
804 1360
1059 396
28 2110
580 1305
2454 2085
1479 1782
1084 593
2907 2650
2693 764
1134 708
2436 2140
1176 1633
2864 205
2450 2680
446 237
2400 227
388 607
1822 557
1675 488
2949 1052
1181 1050
1361 2762
1601 1038
1978 1726
1877 2327
2968 2149
1808 1654
1392 2220
162 2861
1025 899
493 1014
2832 34
2552 1880
2154 1243
2628 1760
1140 1957
30 1383
1459 1757
1799 82
2926 2772
2390 778
2627 83
2350 49
2940 2316
2992 2466
880 260
2373 1351
1919 1860
1072 998
2317 45
1280 647
551 2800
2735 2748
706 776
1742 1419
1286 683
1748 1278
2340 693