0   0

1   1

2   2
2   10

3   3
3   11

4   4
4   12
4   20
4   100

5   5
5   13
5   21
5   101

6   6
6   14
6   22
6   30
6   102
6   110

7   7
7   15
7   23
7   31
7   103
7   111

8   8
8   16
8   24
8   32
8   40
8   104
8   112
8   120
8   200
8   1000

10  18
10  26
10  34
10  42
10  50
10  106
10  114
10  122
10  130
10  202
10  210
10  1002
10  1010



14  38
14  46
14  54
14  62
14  70
14  118
14  126
14  134
14  142
14  150
14  206
14  214
14  222
14  230
14  302
14  310
14  1006
14  1014
14  1022
14  1030
14  1102
14  1110
